6
6-0x36c3bf4154901a51
24-0x6cd08f786630bc7d
7-0x49662b322f44fe5
4-0xd19c56a0052f04e
24-0x50f25f5349ba72e6
27-0x4486df6f6fdda642

00000000 00000000 00000000 00000000 00000000 00000000 00011010 01000000 
00000000 00000000 00000000 00000000 01100110 00000000 00000000 00000000 
00000000 00000000 00000000 00000000 00000000 00000000 01001111 10000000 
00000000 00000000 00000000 00000000 00000000 00000000 00000000 01000000 
00000000 00000000 00000000 00000000 01001001 00000000 00000000 00000000 
00000000 00000000 00000000 00000111 01101000 00000000 00000000 00000000 

0000000 00000000 00000000 00000000 00000000 00000000 00011010 01000000
0000000 00000000 00000000 00000000 01100110 00000000 00000000 00000000
0000000 00000000 00000000 00000000 00000000 00000000 01001111 10000000
0000000 00000000 00000000 00000000 00000000 00000000 00000000 01000000
0000000 00000000 00000000 00000000 01001001 00000000 00000000 00000000
0000000 00000000 00000000 00000010 01101000 00000000 00000000 00000000